15
 7.8263692594256109E-04  1.3153778814316624E+01
 7.5560532219503315E+01  4.5865013192344925E+01
 5.3276723741216927E+01  2.1895918632809035E+01
 4.7044616214486128E+00  6.7886471686831896E+01
 6.7929640583661225E+01  9.3469289594082767E+01
 3.8350207748985952E+01  5.1941637206795455E+01
 8.3096534611236549E+01  3.4572110527461444E+00
 5.3461635044525213E+00  5.2970019333516262E+01
 6.7114938407724239E+01  7.6981862111474320E-01
 3.8341565075489491E+01  6.6842237518561181E+00
 4.1748597445780689E+01  6.8677271236049606E+01
 5.8897664285682914E+01  9.3043649472782235E+01
 8.4616689050857303E+01  5.2692877758616987E+01
 9.1964890757559292E+00  6.5391896229885475E+01
 4.1599935685098146E+01  7.0119059444460589E+01
