37
 7.8263692594256109E-04  1.3153778814316624E+01
 7.5560532219503315E+01  4.5865013192344925E+01
 5.3276723741216927E+01  2.1895918632809035E+01
 4.7044616214486128E+00  6.7886471686831896E+01
 6.7929640583661225E+01  9.3469289594082767E+01
 3.8350207748985952E+01  5.1941637206795455E+01
 8.3096534611236549E+01  3.4572110527461444E+00
 5.3461635044525213E+00  5.2970019333516262E+01
 6.7114938407724239E+01  7.6981862111474320E-01
 3.8341565075489491E+01  6.6842237518561181E+00
 4.1748597445780689E+01  6.8677271236049606E+01
 5.8897664285682914E+01  9.3043649472782235E+01
 8.4616689050857303E+01  5.2692877758616987E+01
 9.1964890757559292E+00  6.5391896229885475E+01
 4.1599935685098146E+01  7.0119059444460589E+01
 9.1032083048965816E+01  7.6219803968546813E+01
 2.6245299366417012E+01  4.7464513707656657E+00
 7.3608188458535906E+01  3.2823422613005818E+01
 6.3263856788754389E+01  7.5641048595142109E+01
 9.9103738553404682E+01  3.6533867072562629E+01
 2.4703888560041733E+01  9.8255028621412364E+01
 7.2266040077556866E+01  7.5335583498392054E+01
 6.5151857475355200E+01  7.2685882948658378E+00
 6.3163471810130154E+01  8.8470712857540107E+01
 2.7270996676418463E+01  4.3641140565109040E+01
 7.6649477787618281E+01  4.7773176500468132E+01
 2.3777443367884235E+01  2.7490684030340372E+01
 3.5926497930626617E+01  1.6650720041548237E+01
 4.8651738301223027E+01  8.9765628655331966E+01
 9.0920810164381194E+01  6.0564327547589469E+00
 9.0465309233621369E+01  5.0452289474407344E+01
 5.1629196364259897E+01  3.1903294116213587E+01
 9.8664211201790820E+01  4.9397668498287757E+01
 2.6614450722287618E+01  9.0732894880107100E+00
 9.4776424995985082E+01  7.3749075212399040E+00
 5.0070709479074324E+01  3.8414214802167479E+01
 2.7708180028809320E+01  9.1381744198213212E+01
