20
 8.4018771715470947E+01  3.9438292681909303E+01
 7.8309922375860580E+01  7.9844003347607327E+01
 9.1164735793678432E+01  1.9755136929338395E+01
 3.3522275571488905E+01  7.6822959481190395E+01
 2.7777471080318776E+01  5.5396995579543052E+01
 4.7739705186216028E+01  6.2887092476192443E+01
 3.6478447279184337E+01  5.1340091019561548E+01
 9.5222972517471277E+01  9.1619506800370061E+01
 6.3571172795990094E+01  7.1729692943268304E+01
 1.4160255535580339E+01  6.0696887625705862E+01
 1.6300571624329581E+00  2.4288677062973697E+01
 1.3723157678601872E+01  8.0417675422699048E+01
 1.5667908925408454E+01  4.0094439424618351E+01
 1.2979044678145573E+01  1.0880880202576929E+01
 9.9892451800355900E+01  2.1825690531090689E+01
 5.1293239440439841E+01  8.3911223469260719E+01
 6.1263983259566125E+01  2.9603161769734303E+01
 6.3755226770301917E+01  5.2428719006678428E+01
 4.9358298699072698E+01  9.7277502388356950E+01
 2.9251678441302705E+01  7.7135769779391481E+01
